  -0.317   -0.873    0.372   -0.947    0.274   -0.165    0.043   -0.405   -0.914   71.469   91.307   44.542      1
   1.000   -0.000    0.000    0.000    1.000    0.000   -0.000    0.000    1.000   57.409   84.277   38.215      2
   1.000   -0.000    0.000    0.000    1.000    0.000   -0.000    0.000    1.000   57.409   84.980   38.215      3
  -0.317   -0.873    0.372   -0.947    0.274   -0.165    0.043   -0.405   -0.914   71.469   92.010   43.839      4
  -0.493    0.041    0.869   -0.728   -0.566   -0.387    0.476   -0.824    0.309   60.924   86.386   80.395      5
   1.000   -0.000    0.000    0.000    1.000    0.000   -0.000    0.000    1.000   56.706   84.277   38.215      6
  -0.229   -0.033    0.973    0.924   -0.323    0.207    0.307    0.946    0.105   80.608   93.416   64.929      7
  -0.522   -0.102    0.847   -0.102   -0.978   -0.180    0.847   -0.180    0.500   56.706   89.198   38.215      8
  -0.740    0.500    0.450    0.349    0.857   -0.378   -0.575   -0.122   -0.809   86.935   51.939   45.948      9
  -0.901   -0.224    0.372   -0.174    0.971    0.165   -0.398    0.085   -0.914   96.777   61.781   64.929     10
  -0.291   -0.223   -0.930    0.910   -0.363   -0.198   -0.294   -0.905    0.309   54.597   80.059   26.967     11
   0.129    0.858   -0.497    0.193    0.470    0.861    0.973   -0.207   -0.105   72.875   82.871   67.038     12
  -0.505   -0.549   -0.665    0.549    0.390   -0.739    0.665   -0.739    0.105   66.548  109.585   79.692     13
  -0.425   -0.795   -0.433   -0.320    0.579   -0.750    0.847   -0.180   -0.500   41.943  101.852   84.613     14
   0.095   -0.990   -0.104   -0.977   -0.112    0.180   -0.190    0.085   -0.978   77.093  108.179   73.365     15
   0.988    0.115    0.104   -0.115    0.092    0.989    0.104   -0.989    0.105   77.093  106.070   51.572     16
  -0.856   -0.507    0.104    0.143   -0.038    0.989   -0.497    0.861    0.105   73.578   98.337   69.850     17
  -0.250   -0.182   -0.951   -0.588    0.809   -0.000    0.769    0.559   -0.309   62.330  116.615   72.662     18
  -0.522   -0.102    0.847   -0.102   -0.978   -0.180    0.847   -0.180    0.500   56.706   89.198   38.918     19
   0.655    0.727    0.208   -0.743    0.669    0.000   -0.139   -0.155    0.978   78.499   88.495   67.741     20
  -0.856   -0.507    0.104    0.143   -0.038    0.989   -0.497    0.861    0.105   74.281   97.634   69.850     21
   0.856   -0.507   -0.104    0.143    0.038    0.989   -0.497   -0.861    0.105   75.687   95.525   37.512     22
  -0.942    0.132   -0.307   -0.318   -0.067    0.946    0.104    0.989    0.105   48.270   75.138   45.948     23
   0.338   -0.919   -0.203   -0.901   -0.253   -0.352    0.272    0.302   -0.914   96.777   74.435   75.474     24
   0.807   -0.317   -0.497    0.504   -0.068    0.861   -0.307   -0.946    0.105   95.371   61.781   42.433     25
  -0.810    0.577    0.104   -0.586   -0.790   -0.180   -0.022   -0.207    0.978   72.172  103.258   65.632     26
  -0.558   -0.824    0.099    0.310   -0.096    0.946   -0.769    0.559    0.309   38.428   81.465   48.760     27
   0.949    0.067    0.307   -0.297   -0.131    0.946    0.104   -0.989   -0.105   67.251   82.871   83.207     28
  -0.291   -0.910   -0.294   -0.223    0.363   -0.905    0.930   -0.198   -0.309   59.518   75.138   76.880     29
   0.095    0.909    0.407    0.995   -0.105    0.000    0.043    0.405   -0.914   60.221   71.623   68.444     30
   0.331    0.815   -0.476    0.158   -0.545   -0.824   -0.930    0.198   -0.309   77.093   81.465   86.019     31
  -0.965   -0.167   -0.203    0.231   -0.907   -0.352   -0.126   -0.387    0.914   58.815   87.089   36.809     32
  -0.971    0.216   -0.104    0.195    0.964    0.180    0.139    0.155   -0.978   53.894   68.811   38.918     33
   0.771   -0.565   -0.294    0.033   -0.425    0.905   -0.636   -0.707   -0.309   93.262   58.266   43.839     34
  -0.373    0.880    0.294    0.840    0.186    0.509    0.393    0.437   -0.809   28.586   82.871   41.730     35
  -0.611   -0.743    0.272   -0.679    0.669    0.302   -0.407    0.000   -0.914   70.063   91.307   83.910     36
  -0.857    0.441   -0.268   -0.441   -0.357    0.824    0.268    0.824    0.500   61.627  111.694   83.207     37
   0.671    0.369   -0.644    0.147   -0.917   -0.372   -0.727    0.155   -0.669   46.864  127.160   43.136     38
  -0.856   -0.507    0.104    0.143   -0.038    0.989   -0.497    0.861    0.105   74.281   98.337   69.850     39
  -0.625   -0.650   -0.433    0.650   -0.125   -0.750    0.433   -0.750    0.500   62.330   75.841   21.343     40
   0.547   -0.430    0.718   -0.750   -0.633    0.192    0.372   -0.644   -0.669   50.379   68.108   66.335     41
   0.070   -0.078    0.995   -0.743   -0.669    0.000    0.665   -0.739   -0.105   44.052   76.544   35.403     42
  -0.349    0.898    0.268   -0.401   -0.401    0.824    0.847    0.180    0.500   22.962   89.198   52.275     43
   0.894   -0.398    0.208   -0.407   -0.914    0.000    0.190   -0.085   -0.978   67.954   75.841   70.553     44
   0.095    0.909    0.407    0.995   -0.105    0.000    0.043    0.405   -0.914   60.221   70.920   68.444     45
   0.017   -0.956   -0.294   -0.843   -0.172    0.509   -0.537    0.239   -0.809   79.905   52.642   35.403     46
  -0.317   -0.873    0.372   -0.947    0.274   -0.165    0.043   -0.405   -0.914   72.172   92.010   43.839     47
  -0.309    0.000    0.951   -0.000   -1.000    0.000    0.951   -0.000    0.309   48.270   70.217   86.019     48
   0.095    0.990    0.104    0.977   -0.112    0.180    0.190    0.085   -0.978   81.311   88.495   35.403     49
   0.930   -0.357    0.091    0.253    0.441   -0.861    0.268    0.824    0.500   53.894  118.021   78.989     50
   0.576    0.146   -0.805   -0.811   -0.023   -0.585   -0.104    0.989    0.105   75.687  106.070   62.117     51
   0.949   -0.297    0.104    0.067   -0.131   -0.989    0.307    0.946   -0.105   71.469   76.544   78.286     52
  -0.845   -0.244    0.476    0.525   -0.214    0.824   -0.099    0.946    0.309   67.954   82.168   83.910     53
   0.380    0.456    0.805    0.642    0.496   -0.585   -0.665    0.739   -0.105   60.221   83.574   86.019     54
  -0.065    0.926    0.372   -0.977   -0.135    0.165    0.203   -0.352    0.914   51.785   75.138   72.662     55
  -0.887    0.452    0.091   -0.158   -0.483    0.861    0.433    0.750    0.500   81.311   54.751   77.583     56
   0.256   -0.928    0.272    0.892    0.335    0.302   -0.372    0.165    0.914   67.251   93.416   81.801     57
  -0.761    0.128    0.636   -0.641   -0.298   -0.707    0.099   -0.946    0.309   58.112  119.427   80.395     58
  -0.282   -0.869    0.407   -0.951    0.309    0.000   -0.126   -0.387   -0.914   44.755  118.021   66.335     59
   0.533    0.262   -0.805    0.788    0.192    0.585    0.307   -0.946   -0.105   38.428  106.070   87.425     60
   0.957    0.203    0.208    0.208   -0.978    0.000    0.203    0.043   -0.978   50.379   95.525   39.621     61
  -0.370    0.909    0.192   -0.578   -0.388    0.718    0.727    0.155    0.669   23.665   89.901   50.869     62
  -0.856    0.143   -0.497    0.507    0.038   -0.861   -0.104   -0.989   -0.105   89.747   65.999   76.880     63
   0.205   -0.557   -0.805    0.108   -0.804    0.585   -0.973   -0.207   -0.105   76.390   87.089   69.850     64
   0.493   -0.041   -0.869   -0.728   -0.566   -0.387   -0.476    0.824   -0.309   73.578   83.574   72.662     65
  -0.609   -0.061   -0.791    0.372    0.859   -0.352    0.701   -0.509   -0.500   60.924  101.852   29.779     66
  -0.636    0.056    0.769   -0.713   -0.423   -0.559    0.294   -0.905    0.309   58.815  122.239   78.989     67
   0.124    0.893    0.433    0.599    0.281   -0.750   -0.791    0.352   -0.500   56.003   75.841   68.444     68
   0.724   -0.478    0.497   -0.478    0.172    0.861   -0.497   -0.861   -0.105   55.300   71.623   74.068     69
   0.105   -0.000    0.995    0.000    1.000    0.000   -0.995    0.000    0.105   89.044   68.108   67.038     70
   0.627   -0.774    0.091    0.341    0.377    0.861   -0.701   -0.509    0.500   84.826   68.811   83.910     71
   0.375   -0.323   -0.869    0.922    0.030    0.387   -0.099   -0.946    0.309   79.202   94.822   41.730     72
  -0.375    0.323   -0.869   -0.922   -0.030    0.387    0.099    0.946    0.309   73.578   80.059   83.910     73
   0.717    0.689    0.099    0.283   -0.158   -0.946   -0.636    0.707   -0.309   69.360   94.119   40.324     74
   0.252   -0.910   -0.329    0.910    0.339   -0.239    0.329   -0.239    0.914   66.548  110.288   69.147     75
   0.995   -0.052   -0.091   -0.052    0.505   -0.861    0.091    0.861    0.500   63.033   80.059   82.504     76
   0.047    0.962    0.268   -0.529   -0.203    0.824    0.847   -0.180    0.500   55.300   73.732   74.068     77
  -0.434    0.895    0.099   -0.238   -0.220    0.946    0.869    0.387    0.309   24.368   84.277   48.760     78
   0.095   -0.990   -0.104   -0.977   -0.112    0.180   -0.190    0.085   -0.978   77.093  108.882   73.365     79
  -0.673    0.238   -0.701   -0.238    0.827    0.509    0.701    0.509   -0.500   70.766   73.732   76.177     80
  -0.717   -0.283    0.636    0.689   -0.158    0.707   -0.099    0.946    0.309   69.360   82.168   83.910     81
  -0.949    0.117    0.294   -0.259   -0.821   -0.509    0.182   -0.559    0.809   69.360   65.999   71.256     82
  -0.739    0.329    0.588    0.407    0.914    0.000   -0.537    0.239   -0.809   59.518   71.623   31.185     83
  -0.733   -0.221    0.644   -0.047   -0.927   -0.372    0.679   -0.302    0.669   55.300   87.792   38.918     84
   0.673   -0.567    0.476    0.567   -0.018   -0.824    0.476    0.824    0.309   55.300   82.168   31.888     85
  -0.914    0.263   -0.307   -0.263    0.190    0.946    0.307    0.946   -0.105   49.676   71.623   77.583     86
  -0.992   -0.072   -0.099   -0.072   -0.317    0.946   -0.099    0.946    0.309   46.161   80.762   45.948     87
  -0.003   -0.612    0.791   -0.815    0.460    0.352   -0.579   -0.644   -0.500   44.052   76.544   78.989     88
  -0.776   -0.249    0.579   -0.249   -0.724   -0.644    0.579   -0.644    0.500   95.371   63.890   51.572     89
   0.776   -0.415    0.476    0.558    0.100   -0.824    0.294    0.905    0.309   74.281   76.544   85.316     90
  -0.611   -0.272   -0.743   -0.407    0.914   -0.000    0.679    0.302   -0.669   73.578  103.961   67.038     91
  -0.349   -0.401   -0.847   -0.898    0.401    0.180    0.268    0.824   -0.500   71.469   94.119   77.583     92
  -0.270   -0.579   -0.769    0.723    0.406   -0.559    0.636   -0.707    0.309   65.845   96.228   36.809     93
  -0.531   -0.303    0.791    0.009   -0.936   -0.352    0.847   -0.180    0.500   60.221   90.604   38.215     94
  -0.376    0.763   -0.525   -0.849   -0.056    0.525    0.372    0.644    0.669   55.300  115.912   61.414     95
  -0.361    0.339   -0.869    0.067   -0.920   -0.387   -0.930   -0.198    0.309   76.390  106.773   62.117     96
  -0.473    0.707    0.525    0.473    0.707   -0.525   -0.743    0.000   -0.669   60.924   76.544   69.850     97
  -0.931   -0.242    0.272   -0.156    0.940    0.302   -0.329    0.239   -0.914   96.777   63.890   61.414     98
  -0.331    0.158    0.930    0.815    0.545    0.198   -0.476    0.824   -0.309   89.747   95.525   74.068     99
  -0.978   -0.037   -0.203   -0.037   -0.935    0.352   -0.203    0.352    0.914   88.341   61.078   71.959    100
   0.489    0.104   -0.866   -0.208    0.978   -0.000    0.847    0.180    0.500   84.123   77.247   29.779    101
  -0.370   -0.909    0.192    0.578   -0.388   -0.718    0.727   -0.155    0.669   70.766   92.010   37.512    102
  -0.704   -0.704    0.091   -0.410    0.300   -0.861    0.579   -0.644   -0.500   63.033  102.555   35.403    103
  -0.611    0.187    0.769   -0.786   -0.265   -0.559    0.099   -0.946    0.309   56.003  119.427   80.395    104
   0.357    0.086    0.930   -0.684    0.702    0.198   -0.636   -0.707    0.309   53.191   99.040   90.237    105
   0.420    0.828   -0.372    0.759   -0.096    0.644    0.497   -0.552   -0.669   47.567  112.397   46.651    106
   0.887   -0.452   -0.091   -0.158   -0.483    0.861   -0.433   -0.750   -0.500   42.646  113.803   54.384    107
   0.879    0.432   -0.203    0.346   -0.870   -0.352   -0.329    0.239   -0.914   98.886   65.999   64.929    108
   0.752   -0.600    0.272    0.525    0.796    0.302   -0.398   -0.085    0.914   89.747   84.277   62.117    109
  -0.400    0.770   -0.497    0.121   -0.494   -0.861   -0.909   -0.405    0.105   89.044   84.277   33.997    110
  -0.611    0.743    0.272   -0.679   -0.669    0.302    0.407   -0.000    0.914   81.311   82.168   84.613    111
  -0.558   -0.310    0.769    0.824   -0.096    0.559   -0.099    0.946    0.309   66.548   77.247   83.207    112
   0.173    0.503    0.847    0.796   -0.577    0.180    0.579    0.644   -0.500   55.300  115.912   67.038    113
  -0.856   -0.143    0.497   -0.507    0.038   -0.861    0.104   -0.989   -0.105   97.480   81.465   68.444    114
  -0.113    0.993   -0.043    0.910    0.087   -0.405   -0.398   -0.085   -0.914   91.153   87.089   61.414    115
   0.994   -0.037   -0.102   -0.089   -0.811   -0.579   -0.061    0.585   -0.809   70.766  110.991   71.256    116
  -0.370   -0.909    0.192    0.578   -0.388   -0.718    0.727   -0.155    0.669   70.766   92.713   37.512    117
  -0.493    0.041    0.869   -0.728   -0.566   -0.387    0.476   -0.824    0.309   60.924   86.386   81.098    118
  -0.892    0.030    0.450    0.221    0.899    0.378   -0.393    0.437   -0.809   58.815   90.604   31.185    119
  -0.190   -0.670   -0.718    0.979   -0.071   -0.192    0.078   -0.739    0.669   58.112   69.514   67.038    120
   0.986   -0.136    0.099   -0.136   -0.295    0.946   -0.099   -0.946   -0.309   48.270   73.732   43.136    121
  -0.250    0.866    0.433    0.433    0.500   -0.750   -0.866    0.000   -0.500   94.668   75.138   77.583    122
   0.803   -0.391    0.450    0.568    0.731   -0.378   -0.182    0.559    0.809   88.341   49.127   53.681    123
   0.492    0.870   -0.043   -0.787    0.465    0.405    0.372   -0.165    0.914   82.717   65.999   74.771    124
  -0.205   -0.557   -0.805    0.108    0.804   -0.585    0.973   -0.207   -0.105   79.202   66.702   69.850    125
   0.357    0.217   -0.909   -0.882   -0.242   -0.405   -0.307    0.946    0.105   76.390  103.258   60.711    126
  -0.610   -0.593    0.525   -0.316    0.790    0.525   -0.727    0.155   -0.669   71.469   85.683   81.098    127
  -0.942   -0.132    0.307    0.318   -0.067    0.946   -0.104    0.989    0.105   62.330   57.563   69.147    128
  -0.235   -0.953   -0.192    0.696   -0.026   -0.718    0.679   -0.302    0.669   82.014   55.454   29.779    129
  -0.229   -0.033    0.973    0.924   -0.323    0.207    0.307    0.946    0.105   79.905   93.416   64.929    130
   0.901    0.224    0.372    0.174   -0.971    0.165    0.398   -0.085   -0.914   89.747   65.999   29.779    131
   0.492    0.870   -0.043   -0.787    0.465    0.405    0.372   -0.165    0.914   82.717   65.999   74.068    132
   0.746    0.505   -0.433   -0.609    0.257   -0.750   -0.268    0.824    0.500   79.202   50.533   50.869    133
   0.196    0.123    0.973    0.975    0.081   -0.207   -0.104    0.989   -0.105   77.796   77.247   15.719    134
   0.934    0.203   -0.294   -0.203   -0.375   -0.905   -0.294    0.905   -0.309   77.093  104.664   54.384    135
   0.704   -0.410    0.579   -0.704   -0.300    0.644   -0.091   -0.861   -0.500   73.578   84.277   81.098    136
   0.473    0.758   -0.450   -0.668    0.641    0.378    0.575    0.122    0.809   72.875  113.803   46.651    137
  -0.400    0.770   -0.497   -0.121    0.494    0.861    0.909    0.405   -0.105   68.657   94.119   36.106    138
   0.376   -0.763   -0.525   -0.849   -0.056   -0.525    0.372    0.644   -0.669   64.439  113.100   71.256    139
   0.724   -0.478    0.497   -0.478    0.172    0.861   -0.497   -0.861   -0.105   54.597   71.623   74.068    140
   0.875    0.385   -0.294   -0.385    0.184   -0.905   -0.294    0.905    0.309   51.082   75.841   62.117    141
   0.673    0.238    0.701   -0.238   -0.827    0.509    0.701   -0.509   -0.500   82.717   53.345   63.523    142
   0.425   -0.320   -0.847   -0.795   -0.579   -0.180   -0.433    0.750   -0.500   77.796   96.228   26.264    143
   0.178    0.378    0.909   -0.148   -0.902    0.405    0.973   -0.207   -0.105   74.984  106.070   57.899    144
   0.990   -0.093    0.104   -0.093    0.114    0.989   -0.104   -0.989    0.105   74.984  106.070   49.463    145
  -0.122   -0.627   -0.769   -0.346    0.754   -0.559    0.930    0.198   -0.309   74.984   79.356   87.425    146
   0.207    0.230   -0.951   -0.743    0.669   -0.000    0.636    0.707    0.309   67.954  110.288   81.801    147
   0.482   -0.826   -0.294    0.419   -0.077    0.905   -0.769   -0.559    0.309   65.142  115.209   55.087    148
   0.182   -0.938   -0.294    0.861    0.007    0.509   -0.476   -0.345    0.809   62.330  115.912   68.444    149
   0.246   -0.932   -0.268    0.560   -0.089    0.824   -0.791   -0.352    0.500   59.518   74.435   77.583    150
   0.992   -0.072   -0.099    0.072   -0.317    0.946   -0.099   -0.946   -0.309   58.815   87.792   24.155    151
   0.620   -0.643   -0.450   -0.520   -0.766    0.378   -0.588    0.000   -0.809   57.409   42.800   45.948    152
  -0.845    0.244    0.476   -0.525   -0.214   -0.824   -0.099   -0.946    0.309   56.003  118.724   80.395    153
  -0.733   -0.221    0.644   -0.047   -0.927   -0.372    0.679   -0.302    0.669   56.003   87.792   38.215    154
  -0.209   -0.825   -0.525   -0.842   -0.122    0.525   -0.497    0.552   -0.669   38.428   57.563   45.948    155
  -0.547    0.430    0.718   -0.750   -0.633   -0.192    0.372   -0.644    0.669  101.698   49.127   34.700    156
   0.282   -0.869    0.407    0.951    0.309    0.000   -0.126    0.387    0.914   93.965   81.465   54.384    157
   0.810    0.577    0.104   -0.586    0.790    0.180    0.022   -0.207    0.978   84.826   87.792   78.989    158
   0.031    0.981   -0.192   -0.686   -0.119   -0.718   -0.727    0.155    0.669   80.608   69.514   71.959    159
   0.684   -0.203    0.701   -0.679   -0.530    0.509    0.268   -0.824   -0.500   79.202   75.841   18.531    160
   0.095    0.043    0.995    0.407   -0.914    0.000    0.909    0.405   -0.105   72.875  103.961   58.602    161
   0.776   -0.249   -0.579    0.249   -0.724    0.644   -0.579   -0.644   -0.500   71.469   75.841   20.640    162
   0.155   -0.476    0.866   -0.951   -0.309    0.000    0.268   -0.824   -0.500   70.766   76.544   12.907    163
   0.256   -0.928    0.272    0.892    0.335    0.302   -0.372    0.165    0.914   67.954   93.416   81.098    164
  -0.070    0.078    0.995   -0.743   -0.669    0.000    0.665   -0.739    0.105   56.003  124.348   81.801    165
  -0.722    0.627    0.294    0.437    0.742   -0.509   -0.537   -0.239   -0.809   45.458   68.811   43.839    166
   0.658   -0.655   -0.372   -0.326   -0.692    0.644   -0.679   -0.302   -0.669   37.725  109.585   55.790    167
  -0.655   -0.476    0.588   -0.588    0.809    0.000   -0.476   -0.345   -0.809   36.319   96.931   81.098    168
  -0.272    0.957    0.102    0.798    0.165    0.579    0.537    0.239   -0.809   27.883   82.871   43.136    169
   0.518   -0.491    0.701    0.119    0.852    0.509   -0.847   -0.180    0.500   90.450   85.683   62.820    170
  -0.636    0.713    0.294    0.056    0.423   -0.905   -0.769   -0.559   -0.309   82.717   89.198   64.929    171
   0.995    0.105   -0.000    0.070   -0.665    0.743    0.078   -0.739   -0.669   82.717   75.841   20.640    172
  -0.836   -0.463   -0.294    0.273   -0.816    0.509   -0.476    0.345    0.809   77.796   60.375   74.771    173
  -0.095   -0.951   -0.294    0.294   -0.309    0.905   -0.951    0.000    0.309   70.766   49.127   48.057    174
  -0.229    0.033   -0.973   -0.924   -0.323    0.207   -0.307    0.946    0.105   65.845   65.296   15.016    175
   0.893   -0.438    0.102    0.411    0.704   -0.579    0.182    0.559    0.809   64.439   84.980   86.019    176
  -0.009   -0.232   -0.973   -0.418    0.885   -0.207    0.909    0.405   -0.105   63.033  119.427   67.741    177
   0.493    0.728   -0.476   -0.041    0.566    0.824    0.869   -0.387    0.309   61.627   70.217   71.959    178
   0.894    0.208   -0.398    0.190   -0.978   -0.085   -0.407    0.000   -0.914   56.003  101.149   38.918    179
   0.957    0.203   -0.208   -0.208    0.978   -0.000    0.203    0.043    0.978   54.597   84.277   38.215    180
   0.143   -0.952    0.272    0.952    0.057   -0.302    0.272    0.302    0.914   52.488  113.803   76.177    181
   0.972   -0.134    0.192    0.046   -0.695   -0.718    0.230    0.707   -0.669   45.458   76.544   41.027    182
   0.493   -0.330    0.805    0.560   -0.587   -0.585    0.665    0.739   -0.105   38.428   80.762   51.572    183
  -0.942   -0.318   -0.104   -0.132    0.067    0.989   -0.307    0.946   -0.105   34.913   76.544   69.850    184
   0.489    0.208    0.847   -0.104    0.978   -0.180   -0.866    0.000    0.500   93.262   73.732   35.403    185
   0.645    0.668    0.372   -0.754    0.636    0.165   -0.126   -0.387    0.914   78.499   89.198   63.523    186
   0.585   -0.101    0.805    0.750   -0.308   -0.585    0.307    0.946   -0.105   76.390   96.931   72.662    187
   0.414   -0.651   -0.636   -0.651    0.277   -0.707    0.636    0.707   -0.309   75.687   92.713   69.147    188
   0.331   -0.815    0.476    0.158    0.545    0.824   -0.930   -0.198    0.309   67.954  110.288   63.523    189
   0.877   -0.063   -0.476   -0.469   -0.318   -0.824   -0.099    0.946   -0.309   63.033  115.209   68.444    190
   0.467    0.435   -0.769    0.163    0.813    0.559    0.869   -0.387    0.309   60.924   70.920   82.504    191
   0.845    0.244    0.476   -0.525    0.214    0.824    0.099   -0.946    0.309   60.221   73.029   81.801    192
  -0.414   -0.052    0.909    0.904   -0.138    0.405    0.104    0.989    0.105   46.161   78.653   38.918    193
   0.261    0.792    0.552   -0.963    0.177    0.201    0.061   -0.585    0.809   22.962  102.555   69.850    194
  -0.655    0.476   -0.588   -0.588   -0.809   -0.000   -0.476    0.345    0.809   89.044   69.514   30.482    195
   0.807    0.504   -0.307   -0.317   -0.068   -0.946   -0.497    0.861    0.105   81.311   92.713   77.583    196
   0.166    0.161    0.973    0.937    0.282   -0.207   -0.307    0.946   -0.105   76.390   73.732   15.719    197
   0.338   -0.919   -0.203   -0.901   -0.253   -0.352    0.272    0.302   -0.914   74.984  117.318   64.929    198
  -0.879   -0.346   -0.329    0.432   -0.870   -0.239   -0.203   -0.352    0.914   72.875   80.762   73.365    199
  -0.542    0.464    0.701    0.835    0.208    0.509    0.091    0.861   -0.500   70.063   99.040   44.542    200
  -0.732    0.147   -0.665    0.674    0.007   -0.739   -0.104   -0.989   -0.105   65.845   66.702    9.392    201
   0.828    0.335    0.450    0.163   -0.911    0.378    0.537   -0.239   -0.809   61.627   89.198   28.373    202
   0.272    0.957    0.102   -0.798    0.165    0.579    0.537   -0.239    0.809   58.112   87.089   36.106    203
   0.807   -0.504    0.307    0.317   -0.068   -0.946    0.497    0.861    0.105   54.597   55.454   45.948    204
   0.113   -0.482    0.869    0.763   -0.518   -0.387    0.636    0.707    0.309   38.428  110.991   74.771    205
  -0.102    0.973    0.208    0.995    0.105    0.000   -0.022    0.207   -0.978   36.319   57.563   41.027    206
   0.282   -0.407   -0.869   -0.126   -0.914    0.387   -0.951    0.000   -0.309   96.777   68.108   67.741    207
   0.528   -0.806   -0.268   -0.309   -0.476    0.824   -0.791   -0.352   -0.500   90.450   59.672   39.621    208
  -0.529   -0.843   -0.102   -0.657    0.483   -0.579    0.537   -0.239   -0.809   84.123   63.187   29.779    209
   0.492    0.870   -0.043   -0.787    0.465    0.405    0.372   -0.165    0.914   83.420   65.999   74.068    210
   0.261   -0.792   -0.552   -0.963   -0.177   -0.201    0.061    0.585   -0.809   79.905   86.386   74.068    211
  -0.335    0.579    0.743   -0.866   -0.500    0.000    0.372   -0.644    0.669   74.984   93.416   78.989    212
  -0.122    0.346   -0.930    0.627    0.754    0.198    0.769   -0.559   -0.309   70.766   81.465   72.662    213
  -0.776   -0.388   -0.497    0.388    0.328   -0.861    0.497   -0.861   -0.105   70.063   94.119   36.106    214
  -0.052    0.497   -0.866   -0.995   -0.105   -0.000   -0.091    0.861    0.500   67.251  112.397   42.433    215
  -0.328   -0.746   -0.579   -0.746   -0.172    0.644   -0.579    0.644   -0.500   56.003   56.860   66.335    216
   0.047    0.962    0.268   -0.529   -0.203    0.824    0.847   -0.180    0.500   55.300   74.435   73.365    217
  -0.531   -0.303    0.791    0.009   -0.936   -0.352    0.847   -0.180    0.500   52.488   86.386   38.215    218
   0.457   -0.791    0.407   -0.866   -0.500    0.000    0.203   -0.352   -0.914   52.488   77.950   29.779    219
  -0.335   -0.866   -0.372   -0.579    0.500   -0.644    0.743   -0.000   -0.669   84.826  102.555   57.899    220
  -0.914    0.407    0.000   -0.407   -0.914    0.000    0.000   -0.000    1.000   78.499  108.179   48.760    221
   0.178    0.148   -0.973   -0.378   -0.902   -0.207   -0.909    0.405   -0.105   77.093  101.149   62.117    222
   0.856    0.143   -0.497    0.507   -0.038    0.861    0.104   -0.989   -0.105   76.390  105.367   53.681    223
  -0.205    0.557   -0.805    0.108   -0.804   -0.585   -0.973   -0.207    0.105   73.578  107.476   64.929    224
   0.357    0.497   -0.791   -0.930    0.107   -0.352   -0.091    0.861    0.500   72.875   65.999   81.801    225
  -0.362    0.493   -0.791    0.389    0.851    0.352    0.847   -0.180   -0.500   63.736  130.675   60.008    226
   0.728    0.163    0.665    0.612    0.281   -0.739   -0.307    0.946    0.105   63.033  114.506   81.801    227
   0.934   -0.203   -0.294   -0.203    0.375   -0.905    0.294    0.905    0.309   60.924  112.397   82.504    228
  -0.840    0.448   -0.307    0.218   -0.241   -0.946   -0.497   -0.861    0.105   60.221  111.694   82.504    229
  -0.522   -0.102    0.847    0.102    0.978    0.180   -0.847    0.180   -0.500   56.003   96.228   39.621    230
   0.032    0.099    0.995   -0.951    0.309    0.000   -0.307   -0.946    0.105   51.082   79.356   34.700    231
   0.182    0.938   -0.294    0.861   -0.007    0.509    0.476   -0.345   -0.809   48.270  113.803   74.068    232
  -0.655    0.397   -0.644    0.720    0.586   -0.372    0.230   -0.707   -0.669   44.755  118.724   65.632    233
  -0.300    0.908   -0.294   -0.394    0.163    0.905    0.869    0.387    0.309   43.349   82.168   33.997    234
   0.849   -0.056   -0.525    0.376    0.763    0.525    0.372   -0.644    0.669   34.210  113.803   68.444    235
   0.238    0.966    0.099   -0.279    0.166   -0.946   -0.930    0.198    0.309  105.213   61.078   41.027    236
   0.711   -0.554   -0.433   -0.056   -0.659    0.750   -0.701   -0.509   -0.500   99.589   67.405   71.256    237
   0.423   -0.257    0.869    0.257   -0.886   -0.387    0.869    0.387   -0.309   96.074   78.653   36.106    238
   0.752   -0.600    0.272    0.525    0.796    0.302   -0.398   -0.085    0.914   90.450   84.277   62.117    239
  -0.625    0.650   -0.433   -0.650   -0.125    0.750    0.433    0.750    0.500   84.826   91.307   50.166    240
  -0.104   -0.950    0.294   -0.352   -0.241   -0.905    0.930   -0.198   -0.309   82.717   92.713   84.613    241
  -0.893    0.438    0.102   -0.411   -0.704   -0.579   -0.182   -0.559    0.809   81.311   68.108   24.155    242
   0.809   -0.588   -0.000   -0.588   -0.809   -0.000   -0.000    0.000   -1.000   73.578   71.623   78.989    243
   0.250    0.433   -0.866    0.866   -0.500   -0.000   -0.433   -0.750   -0.500   72.172   66.702   76.177    244
  -0.370   -0.909    0.192    0.578   -0.388   -0.718    0.727   -0.155    0.669   70.766   92.713   36.809    245
   0.307    0.644   -0.701   -0.848   -0.150   -0.509   -0.433    0.750    0.500   66.548   95.525   33.997    246
  -0.317    0.947   -0.043   -0.873   -0.274    0.405    0.372    0.165    0.914   65.845  115.209   68.444    247
   0.962    0.054   -0.268   -0.258    0.505   -0.824    0.091    0.861    0.500   64.439   53.345   14.313    248
  -0.282   -0.126   -0.951   -0.407    0.914   -0.000    0.869    0.387   -0.309   63.736  118.724   69.147    249
   0.270    0.723   -0.636   -0.579   -0.406   -0.707   -0.769    0.559    0.309   42.646  122.942   60.008    250
   0.209   -0.825    0.525    0.842   -0.122   -0.525    0.497    0.552    0.669   27.883  103.258   60.711    251
   0.070   -0.078   -0.995   -0.743   -0.669   -0.000   -0.665    0.739   -0.105   74.984   83.574   69.147    252
  -0.252   -0.557   -0.791   -0.557    0.752   -0.352    0.791    0.352   -0.500   72.172   77.950   85.316    253
   0.250    0.433   -0.866    0.866   -0.500   -0.000   -0.433   -0.750   -0.500   71.469   66.702   76.177    254
   0.585   -0.750   -0.307    0.101   -0.308    0.946   -0.805   -0.585   -0.105   70.063   84.277   93.752    255
   0.307    0.644   -0.701   -0.848   -0.150   -0.509   -0.433    0.750    0.500   67.954   95.525   34.700    256
   0.250    0.433    0.866   -0.866    0.500    0.000   -0.433   -0.750    0.500   67.251   93.416   31.185    257
  -0.505   -0.549   -0.665    0.549    0.390   -0.739    0.665   -0.739    0.105   65.845  109.585   79.692    258
   0.877   -0.063   -0.476   -0.469   -0.318   -0.824   -0.099    0.946   -0.309   63.736  115.209   67.741    259
   0.474   -0.872    0.126    0.786    0.483    0.387   -0.398   -0.085    0.914   63.033   91.307   84.613    260
  -0.961   -0.043    0.272   -0.043   -0.952   -0.302    0.272   -0.302    0.914   63.033   75.841   24.155    261
   0.130   -0.598    0.791    0.701    0.620    0.352   -0.701    0.509    0.500   61.627   88.495   82.504    262
   0.901   -0.342   -0.268   -0.030    0.566   -0.824    0.433    0.750    0.500   58.112  115.912   81.801    263
   0.250   -0.588    0.769   -0.182   -0.809   -0.559    0.951   -0.000   -0.309   55.300  118.724   40.324    264
   0.467    0.163    0.869   -0.435   -0.813    0.387    0.769   -0.559   -0.309   53.894  125.754   79.692    265
   0.420   -0.788   -0.450   -0.889   -0.258   -0.378    0.182    0.559   -0.809   51.082  114.506   41.730    266
   0.965   -0.231    0.126    0.167    0.907    0.387   -0.203   -0.352    0.914   51.082   62.484   36.809    267
  -0.384   -0.510   -0.769    0.791    0.247   -0.559    0.476   -0.824    0.309   45.458   61.781   45.948    268
  -0.827   -0.299   -0.476   -0.299   -0.482    0.824   -0.476    0.824    0.309   36.319  108.179   82.504    269
   0.578    0.388   -0.718    0.370   -0.909   -0.192   -0.727   -0.155   -0.669   33.507   90.604   58.602    270
   0.760   -0.342    0.552    0.277    0.940    0.201   -0.588    0.000    0.809   32.804   87.089   57.196    271
  -0.395   -0.913   -0.104    0.137    0.053   -0.989    0.909   -0.405    0.105  101.698   89.901   64.929    272
  -0.452   -0.887   -0.091   -0.412    0.298   -0.861    0.791   -0.352   -0.500   86.935   99.743   52.978    273
   0.099   -0.689   -0.718    0.923    0.333   -0.192    0.372   -0.644    0.669   79.202   75.138   76.880    274
  -0.578    0.388   -0.718    0.370    0.909    0.192    0.727   -0.155   -0.669   77.796  109.585   56.493    275
  -0.095    0.990    0.104   -0.977   -0.112    0.180    0.190   -0.085    0.978   77.796   71.623   76.177    276
   0.956   -0.004    0.294   -0.277    0.325    0.905   -0.099   -0.946    0.309   77.093  105.367   50.869    277
   0.533    0.262   -0.805   -0.788   -0.192   -0.585   -0.307    0.946    0.105   76.390  105.367   60.711    278
   0.654    0.544    0.525    0.753   -0.397   -0.525   -0.078    0.739   -0.669   75.687   74.435   80.395    279
  -0.048   -0.364   -0.930    0.770   -0.607    0.198   -0.636   -0.707    0.309   72.875   81.465   78.286    280
   0.845    0.525    0.099    0.244   -0.214   -0.946   -0.476    0.824   -0.309   70.766   95.525   39.621    281
   0.250    0.433    0.866    0.866   -0.500    0.000    0.433    0.750   -0.500   68.657  101.149   33.294    282
   0.995   -0.052   -0.091   -0.052    0.505   -0.861    0.091    0.861    0.500   63.736   80.762   82.504    283
  -0.113   -0.993   -0.043   -0.910    0.087    0.405   -0.398    0.085   -0.914   55.300   75.138   22.749    284
   0.894    0.190    0.407    0.208   -0.978    0.000    0.398    0.085   -0.914   51.082   95.525   38.918    285
  -0.246   -0.932    0.268    0.560    0.089    0.824   -0.791    0.352    0.500   50.379   73.029   74.068    286
   0.533    0.788    0.307   -0.262   -0.192    0.946    0.805   -0.585    0.105   49.676   75.841   76.177    287
  -0.407    0.914   -0.000   -0.611   -0.272    0.743    0.679    0.302    0.669   43.349   99.743   86.019    288
   0.474   -0.143    0.869    0.830    0.402   -0.387   -0.294    0.905    0.309   30.695   97.634   51.572    289
   0.720    0.586   -0.372   -0.655    0.397   -0.644   -0.230    0.707    0.669   81.311   52.642   50.869    290
  -0.434    0.238   -0.869   -0.895   -0.220    0.387   -0.099    0.946    0.309   79.202   99.040   44.542    291
   0.250    0.769   -0.588   -0.951    0.309   -0.000    0.182    0.559    0.809   75.687   51.939   26.967    292
  -0.518    0.119   -0.847    0.491    0.852   -0.180    0.701   -0.509   -0.500   74.281  100.446   26.967    293
   0.070    0.078    0.995   -0.743    0.669    0.000   -0.665   -0.739    0.105   74.281   85.683   74.068    294
   0.798   -0.294   -0.525   -0.033    0.850   -0.525    0.601    0.437    0.669   73.578  108.179   68.444    295
  -0.238    0.279    0.930    0.966    0.166    0.198   -0.099    0.946   -0.309   73.578   83.574   81.098    296
   0.845    0.525    0.099    0.244   -0.214   -0.946   -0.476    0.824   -0.309   70.766   95.525   38.918    297
  -0.533    0.262    0.805    0.788   -0.192    0.585    0.307    0.946   -0.105   70.766   75.841   82.504    298
   0.300   -0.394    0.869    0.908   -0.163   -0.387    0.294    0.905    0.309   67.954   77.247   81.098    299
   0.095    0.909    0.407    0.995   -0.105    0.000    0.043    0.405   -0.914   60.221   70.920   69.147    300
  -0.776   -0.415    0.476   -0.558    0.100   -0.824    0.294   -0.905   -0.309   58.112   75.841   84.613    301
   0.113   -0.910   -0.398    0.993    0.087    0.085   -0.043   -0.405    0.914   56.706   93.416   34.700    302
   0.231    0.836   -0.497   -0.015   -0.508   -0.861   -0.973    0.207   -0.105   56.706   70.217   77.583    303
  -0.761    0.128    0.636   -0.641   -0.298   -0.707    0.099   -0.946    0.309   55.300  121.536   78.989    304
   0.611    0.786    0.099    0.187   -0.265    0.946    0.769   -0.559   -0.309   55.300   90.604   93.049    305
  -0.175    0.322    0.930   -0.980    0.038   -0.198   -0.099   -0.946    0.309   55.300   57.563   34.700    306
  -0.798   -0.294    0.525   -0.033   -0.850   -0.525    0.601   -0.437    0.669   53.894   87.792   35.403    307
  -0.078   -0.410    0.909    0.410    0.817    0.405   -0.909    0.405    0.105   46.161  132.081   72.662    308
  -0.856    0.143   -0.497   -0.507   -0.038    0.861    0.104    0.989    0.105   46.161   75.138   46.651    309
  -0.771   -0.565   -0.294   -0.033   -0.425    0.905   -0.636    0.707    0.309   38.428   62.484   60.008    310
   0.338   -0.919   -0.203   -0.901   -0.253   -0.352    0.272    0.302   -0.914   96.777   73.732   75.474    311
  -0.826    0.423   -0.372    0.558    0.524   -0.644   -0.078   -0.739   -0.669   83.420   57.563   73.365    312
   0.856    0.143   -0.497    0.507   -0.038    0.861    0.104   -0.989   -0.105   77.093  103.258   52.978    313
   0.395    0.137   -0.909   -0.913   -0.053   -0.405   -0.104    0.989    0.105   76.390  104.664   62.117    314
   0.807   -0.504    0.307   -0.317    0.068    0.946   -0.497   -0.861   -0.105   74.984   97.634   35.403    315
   0.048   -0.364   -0.930   -0.770   -0.607    0.198   -0.636    0.707   -0.309   69.360  125.051   52.275    316
   0.250    0.769   -0.588    0.951   -0.309   -0.000   -0.182   -0.559   -0.809   68.657   54.048   63.523    317
   0.923   -0.333   -0.192    0.099    0.689   -0.718    0.372    0.644    0.669   60.221  121.536   72.662    318
   0.282   -0.951    0.126   -0.869   -0.309   -0.387    0.407   -0.000   -0.914   60.221   58.969   67.741    319
   0.482   -0.657   -0.579   -0.224   -0.732    0.644   -0.847   -0.180   -0.500   53.191   63.187   62.117    320
  -0.609   -0.618    0.497   -0.432   -0.267   -0.861    0.665   -0.739   -0.105   51.785   72.326   70.553    321
   0.949    0.067   -0.307   -0.297   -0.131   -0.946   -0.104    0.989   -0.105   38.428  104.664   27.670    322
   0.866   -0.500   -0.000    0.335    0.579    0.743   -0.372   -0.644    0.669   30.695   94.822   56.493    323
   0.446   -0.535    0.718    0.865    0.463   -0.192   -0.230    0.707    0.669   93.262   52.642   51.572    324
   0.803   -0.391    0.450    0.568    0.731   -0.378   -0.182    0.559    0.809   87.638   49.127   53.681    325
   0.673    0.493    0.552    0.466   -0.862    0.201    0.575    0.122   -0.809   86.232   94.822   64.226    326
  -0.139    0.969   -0.203   -0.934   -0.061    0.352    0.329    0.239    0.914   86.232   66.702   29.076    327
  -0.845   -0.525    0.099    0.244   -0.214    0.946   -0.476    0.824    0.309   82.014   92.713   55.087    328
   0.654    0.544    0.525    0.753   -0.397   -0.525   -0.078    0.739   -0.669   74.984   73.732   80.395    329
   0.827    0.299    0.476   -0.299   -0.482    0.824    0.476   -0.824   -0.309   73.578   98.337   71.959    330
   0.493   -0.041   -0.869   -0.728   -0.566   -0.387   -0.476    0.824   -0.309   73.578   83.574   71.959    331
  -0.476   -0.661   -0.579   -0.765   -0.013    0.644   -0.433    0.750   -0.500   70.766   51.236   61.414    332
  -0.949   -0.158    0.272    0.240   -0.923    0.302    0.203    0.352    0.914   68.657   74.435   76.177    333
   0.011   -0.495    0.869   -0.639    0.665    0.387   -0.769   -0.559   -0.309   67.954   66.702   76.880    334
  -0.474    0.143   -0.869   -0.830   -0.402    0.387   -0.294    0.905    0.309   66.548   78.653   87.425    335
   0.815    0.176    0.552    0.075   -0.977    0.201    0.575   -0.122   -0.809   66.548   45.612   53.681    336
  -0.994   -0.037    0.102    0.089   -0.811    0.579    0.061    0.585    0.809   63.736   62.484   78.989    337
   0.845    0.244    0.476   -0.525    0.214    0.824    0.099   -0.946    0.309   60.924   73.029   81.801    338
   0.485    0.499   -0.718    0.551   -0.812   -0.192   -0.679   -0.302   -0.669   59.518   96.931   32.591    339
   0.978    0.208    0.000   -0.208    0.978    0.000   -0.000   -0.000    1.000   56.706   85.683   38.215    340
   0.547   -0.430    0.718   -0.750   -0.633    0.192    0.372   -0.644   -0.669   50.379   68.108   67.038    341
   0.048    0.364    0.930    0.770   -0.607    0.198    0.636    0.707   -0.309   47.567   94.119   30.482    342
   0.405    0.701    0.588    0.866   -0.500    0.000    0.294    0.509   -0.809   29.289   87.792   43.839    343
   0.282    0.407    0.869    0.126   -0.914    0.387    0.951   -0.000   -0.309   91.153   75.138   65.632    344
   0.593   -0.798    0.104    0.023    0.146    0.989   -0.805   -0.585    0.105   91.153   59.672   76.880    345
   0.085   -0.588    0.805    0.061    0.809    0.585   -0.995    0.000    0.105   88.341   89.198   63.523    346
   0.912    0.396    0.104    0.409   -0.895   -0.180    0.022    0.207   -0.978   88.341   79.356   65.632    347
